&input_unklist
    ibrav = 0,
/

TRMAT
1 0 0
0 1 0
0 0 2

CELL_PARAMETERS angstrom
   -2.4473000000     0.0000000000     0.0000000000
   -0.0841450992    -3.4677792666     0.0000000000
    2.42157542       1.90579355       6.29731132

UNKPTS crystal
354
    0.0000000000     0.0000000000     0.0000000000 1
    0.0094339623     0.0000000000     0.0000000000 1
    0.0188679245     0.0000000000     0.0000000000 1
    0.0283018868     0.0000000000     0.0000000000 1
    0.0377358491     0.0000000000     0.0000000000 1
    0.0471698113     0.0000000000     0.0000000000 1
    0.0566037736     0.0000000000     0.0000000000 1
    0.0660377358     0.0000000000     0.0000000000 1
    0.0754716981     0.0000000000     0.0000000000 1
    0.0849056604     0.0000000000     0.0000000000 1
    0.0943396226     0.0000000000     0.0000000000 1
    0.1037735849     0.0000000000     0.0000000000 1
    0.1132075472     0.0000000000     0.0000000000 1
    0.1226415094     0.0000000000     0.0000000000 1
    0.1320754717     0.0000000000     0.0000000000 1
    0.1415094340     0.0000000000     0.0000000000 1
    0.1509433962     0.0000000000     0.0000000000 1
    0.1603773585     0.0000000000     0.0000000000 1
    0.1698113208     0.0000000000     0.0000000000 1
    0.1792452830     0.0000000000     0.0000000000 1
    0.1886792453     0.0000000000     0.0000000000 1
    0.1981132075     0.0000000000     0.0000000000 1
    0.2075471698     0.0000000000     0.0000000000 1
    0.2169811321     0.0000000000     0.0000000000 1
    0.2264150943     0.0000000000     0.0000000000 1
    0.2358490566     0.0000000000     0.0000000000 1
    0.2452830189     0.0000000000     0.0000000000 1
    0.2547169811     0.0000000000     0.0000000000 1
    0.2641509434     0.0000000000     0.0000000000 1
    0.2735849057     0.0000000000     0.0000000000 1
    0.2830188679     0.0000000000     0.0000000000 1
    0.2924528302     0.0000000000     0.0000000000 1
    0.3018867925     0.0000000000     0.0000000000 1
    0.3113207547     0.0000000000     0.0000000000 1
    0.3207547170     0.0000000000     0.0000000000 1
    0.3301886792     0.0000000000     0.0000000000 1
    0.3396226415     0.0000000000     0.0000000000 1
    0.3490566038     0.0000000000     0.0000000000 1
    0.3584905660     0.0000000000     0.0000000000 1
    0.3679245283     0.0000000000     0.0000000000 1
    0.3773584906     0.0000000000     0.0000000000 1
    0.3867924528     0.0000000000     0.0000000000 1
    0.3962264151     0.0000000000     0.0000000000 1
    0.4056603774     0.0000000000     0.0000000000 1
    0.4150943396     0.0000000000     0.0000000000 1
    0.4245283019     0.0000000000     0.0000000000 1
    0.4339622642     0.0000000000     0.0000000000 1
    0.4433962264     0.0000000000     0.0000000000 1
    0.4528301887     0.0000000000     0.0000000000 1
    0.4622641509     0.0000000000     0.0000000000 1
    0.4716981132     0.0000000000     0.0000000000 1
    0.4811320755     0.0000000000     0.0000000000 1
    0.4905660377     0.0000000000     0.0000000000 1
    0.5000000000     0.0000000000     0.0000000000 1
    0.0000000000     0.5000000000     0.0000000000 1
    0.0000000000     0.4861111111     0.0000000000 1
    0.0000000000     0.4722222222     0.0000000000 1
    0.0000000000     0.4583333333     0.0000000000 1
    0.0000000000     0.4444444444     0.0000000000 1
    0.0000000000     0.4305555556     0.0000000000 1
    0.0000000000     0.4166666667     0.0000000000 1
    0.0000000000     0.4027777778     0.0000000000 1
    0.0000000000     0.3888888889     0.0000000000 1
    0.0000000000     0.3750000000     0.0000000000 1
    0.0000000000     0.3611111111     0.0000000000 1
    0.0000000000     0.3472222222     0.0000000000 1
    0.0000000000     0.3333333333     0.0000000000 1
    0.0000000000     0.3194444444     0.0000000000 1
    0.0000000000     0.3055555556     0.0000000000 1
    0.0000000000     0.2916666667     0.0000000000 1
    0.0000000000     0.2777777778     0.0000000000 1
    0.0000000000     0.2638888889     0.0000000000 1
    0.0000000000     0.2500000000     0.0000000000 1
    0.0000000000     0.2361111111     0.0000000000 1
    0.0000000000     0.2222222222     0.0000000000 1
    0.0000000000     0.2083333333     0.0000000000 1
    0.0000000000     0.1944444444     0.0000000000 1
    0.0000000000     0.1805555556     0.0000000000 1
    0.0000000000     0.1666666667     0.0000000000 1
    0.0000000000     0.1527777778     0.0000000000 1
    0.0000000000     0.1388888889     0.0000000000 1
    0.0000000000     0.1250000000     0.0000000000 1
    0.0000000000     0.1111111111     0.0000000000 1
    0.0000000000     0.0972222222     0.0000000000 1
    0.0000000000     0.0833333333     0.0000000000 1
    0.0000000000     0.0694444444     0.0000000000 1
    0.0000000000     0.0555555556     0.0000000000 1
    0.0000000000     0.0416666667     0.0000000000 1
    0.0000000000     0.0277777778     0.0000000000 1
    0.0000000000     0.0138888889     0.0000000000 1
    0.0000000000     0.0000000000     0.0000000000 1
    0.0000000000     0.0000000000     0.0131578947 1
    0.0000000000     0.0000000000     0.0263157895 1
    0.0000000000     0.0000000000     0.0394736842 1
    0.0000000000     0.0000000000     0.0526315789 1
    0.0000000000     0.0000000000     0.0657894737 1
    0.0000000000     0.0000000000     0.0789473684 1
    0.0000000000     0.0000000000     0.0921052632 1
    0.0000000000     0.0000000000     0.1052631579 1
    0.0000000000     0.0000000000     0.1184210526 1
    0.0000000000     0.0000000000     0.1315789474 1
    0.0000000000     0.0000000000     0.1447368421 1
    0.0000000000     0.0000000000     0.1578947368 1
    0.0000000000     0.0000000000     0.1710526316 1
    0.0000000000     0.0000000000     0.1842105263 1
    0.0000000000     0.0000000000     0.1973684211 1
    0.0000000000     0.0000000000     0.2105263158 1
    0.0000000000     0.0000000000     0.2236842105 1
    0.0000000000     0.0000000000     0.2368421053 1
    0.0000000000     0.0000000000     0.2500000000 1
    0.0000000000     0.0000000000     0.2631578947 1
    0.0000000000     0.0000000000     0.2763157895 1
    0.0000000000     0.0000000000     0.2894736842 1
    0.0000000000     0.0000000000     0.3026315789 1
    0.0000000000     0.0000000000     0.3157894737 1
    0.0000000000     0.0000000000     0.3289473684 1
    0.0000000000     0.0000000000     0.3421052632 1
    0.0000000000     0.0000000000     0.3552631579 1
    0.0000000000     0.0000000000     0.3684210526 1
    0.0000000000     0.0000000000     0.3815789474 1
    0.0000000000     0.0000000000     0.3947368421 1
    0.0000000000     0.0000000000     0.4078947368 1
    0.0000000000     0.0000000000     0.4210526316 1
    0.0000000000     0.0000000000     0.4342105263 1
    0.0000000000     0.0000000000     0.4473684211 1
    0.0000000000     0.0000000000     0.4605263158 1
    0.0000000000     0.0000000000     0.4736842105 1
    0.0000000000     0.0000000000     0.4868421053 1
    0.0000000000     0.0000000000     0.5000000000 1
   -0.5000000000    -0.5000000000     0.5000000000 1
   -0.4918032787    -0.4918032787     0.4918032787 1
   -0.4836065574    -0.4836065574     0.4836065574 1
   -0.4754098361    -0.4754098361     0.4754098361 1
   -0.4672131148    -0.4672131148     0.4672131148 1
   -0.4590163934    -0.4590163934     0.4590163934 1
   -0.4508196721    -0.4508196721     0.4508196721 1
   -0.4426229508    -0.4426229508     0.4426229508 1
   -0.4344262295    -0.4344262295     0.4344262295 1
   -0.4262295082    -0.4262295082     0.4262295082 1
   -0.4180327869    -0.4180327869     0.4180327869 1
   -0.4098360656    -0.4098360656     0.4098360656 1
   -0.4016393443    -0.4016393443     0.4016393443 1
   -0.3934426230    -0.3934426230     0.3934426230 1
   -0.3852459016    -0.3852459016     0.3852459016 1
   -0.3770491803    -0.3770491803     0.3770491803 1
   -0.3688524590    -0.3688524590     0.3688524590 1
   -0.3606557377    -0.3606557377     0.3606557377 1
   -0.3524590164    -0.3524590164     0.3524590164 1
   -0.3442622951    -0.3442622951     0.3442622951 1
   -0.3360655738    -0.3360655738     0.3360655738 1
   -0.3278688525    -0.3278688525     0.3278688525 1
   -0.3196721311    -0.3196721311     0.3196721311 1
   -0.3114754098    -0.3114754098     0.3114754098 1
   -0.3032786885    -0.3032786885     0.3032786885 1
   -0.2950819672    -0.2950819672     0.2950819672 1
   -0.2868852459    -0.2868852459     0.2868852459 1
   -0.2786885246    -0.2786885246     0.2786885246 1
   -0.2704918033    -0.2704918033     0.2704918033 1
   -0.2622950820    -0.2622950820     0.2622950820 1
   -0.2540983607    -0.2540983607     0.2540983607 1
   -0.2459016393    -0.2459016393     0.2459016393 1
   -0.2377049180    -0.2377049180     0.2377049180 1
   -0.2295081967    -0.2295081967     0.2295081967 1
   -0.2213114754    -0.2213114754     0.2213114754 1
   -0.2131147541    -0.2131147541     0.2131147541 1
   -0.2049180328    -0.2049180328     0.2049180328 1
   -0.1967213115    -0.1967213115     0.1967213115 1
   -0.1885245902    -0.1885245902     0.1885245902 1
   -0.1803278689    -0.1803278689     0.1803278689 1
   -0.1721311475    -0.1721311475     0.1721311475 1
   -0.1639344262    -0.1639344262     0.1639344262 1
   -0.1557377049    -0.1557377049     0.1557377049 1
   -0.1475409836    -0.1475409836     0.1475409836 1
   -0.1393442623    -0.1393442623     0.1393442623 1
   -0.1311475410    -0.1311475410     0.1311475410 1
   -0.1229508197    -0.1229508197     0.1229508197 1
   -0.1147540984    -0.1147540984     0.1147540984 1
   -0.1065573770    -0.1065573770     0.1065573770 1
   -0.0983606557    -0.0983606557     0.0983606557 1
   -0.0901639344    -0.0901639344     0.0901639344 1
   -0.0819672131    -0.0819672131     0.0819672131 1
   -0.0737704918    -0.0737704918     0.0737704918 1
   -0.0655737705    -0.0655737705     0.0655737705 1
   -0.0573770492    -0.0573770492     0.0573770492 1
   -0.0491803279    -0.0491803279     0.0491803279 1
   -0.0409836066    -0.0409836066     0.0409836066 1
   -0.0327868852    -0.0327868852     0.0327868852 1
   -0.0245901639    -0.0245901639     0.0245901639 1
   -0.0163934426    -0.0163934426     0.0163934426 1
   -0.0081967213    -0.0081967213     0.0081967213 1
    0.0000000000     0.0000000000     0.0000000000 1
    0.0000000000    -0.0111111111     0.0111111111 1
    0.0000000000    -0.0222222222     0.0222222222 1
    0.0000000000    -0.0333333333     0.0333333333 1
    0.0000000000    -0.0444444444     0.0444444444 1
    0.0000000000    -0.0555555556     0.0555555556 1
    0.0000000000    -0.0666666667     0.0666666667 1
    0.0000000000    -0.0777777778     0.0777777778 1
    0.0000000000    -0.0888888889     0.0888888889 1
    0.0000000000    -0.1000000000     0.1000000000 1
    0.0000000000    -0.1111111111     0.1111111111 1
    0.0000000000    -0.1222222222     0.1222222222 1
    0.0000000000    -0.1333333333     0.1333333333 1
    0.0000000000    -0.1444444444     0.1444444444 1
    0.0000000000    -0.1555555556     0.1555555556 1
    0.0000000000    -0.1666666667     0.1666666667 1
    0.0000000000    -0.1777777778     0.1777777778 1
    0.0000000000    -0.1888888889     0.1888888889 1
    0.0000000000    -0.2000000000     0.2000000000 1
    0.0000000000    -0.2111111111     0.2111111111 1
    0.0000000000    -0.2222222222     0.2222222222 1
    0.0000000000    -0.2333333333     0.2333333333 1
    0.0000000000    -0.2444444444     0.2444444444 1
    0.0000000000    -0.2555555556     0.2555555556 1
    0.0000000000    -0.2666666667     0.2666666667 1
    0.0000000000    -0.2777777778     0.2777777778 1
    0.0000000000    -0.2888888889     0.2888888889 1
    0.0000000000    -0.3000000000     0.3000000000 1
    0.0000000000    -0.3111111111     0.3111111111 1
    0.0000000000    -0.3222222222     0.3222222222 1
    0.0000000000    -0.3333333333     0.3333333333 1
    0.0000000000    -0.3444444444     0.3444444444 1
    0.0000000000    -0.3555555556     0.3555555556 1
    0.0000000000    -0.3666666667     0.3666666667 1
    0.0000000000    -0.3777777778     0.3777777778 1
    0.0000000000    -0.3888888889     0.3888888889 1
    0.0000000000    -0.4000000000     0.4000000000 1
    0.0000000000    -0.4111111111     0.4111111111 1
    0.0000000000    -0.4222222222     0.4222222222 1
    0.0000000000    -0.4333333333     0.4333333333 1
    0.0000000000    -0.4444444444     0.4444444444 1
    0.0000000000    -0.4555555556     0.4555555556 1
    0.0000000000    -0.4666666667     0.4666666667 1
    0.0000000000    -0.4777777778     0.4777777778 1
    0.0000000000    -0.4888888889     0.4888888889 1
    0.0000000000    -0.5000000000     0.5000000000 1
   -0.5000000000     0.0000000000     0.5000000000 1
   -0.4907407407     0.0000000000     0.4907407407 1
   -0.4814814815     0.0000000000     0.4814814815 1
   -0.4722222222     0.0000000000     0.4722222222 1
   -0.4629629630     0.0000000000     0.4629629630 1
   -0.4537037037     0.0000000000     0.4537037037 1
   -0.4444444444     0.0000000000     0.4444444444 1
   -0.4351851852     0.0000000000     0.4351851852 1
   -0.4259259259     0.0000000000     0.4259259259 1
   -0.4166666667     0.0000000000     0.4166666667 1
   -0.4074074074     0.0000000000     0.4074074074 1
   -0.3981481481     0.0000000000     0.3981481481 1
   -0.3888888889     0.0000000000     0.3888888889 1
   -0.3796296296     0.0000000000     0.3796296296 1
   -0.3703703704     0.0000000000     0.3703703704 1
   -0.3611111111     0.0000000000     0.3611111111 1
   -0.3518518519     0.0000000000     0.3518518519 1
   -0.3425925926     0.0000000000     0.3425925926 1
   -0.3333333333     0.0000000000     0.3333333333 1
   -0.3240740741     0.0000000000     0.3240740741 1
   -0.3148148148     0.0000000000     0.3148148148 1
   -0.3055555556     0.0000000000     0.3055555556 1
   -0.2962962963     0.0000000000     0.2962962963 1
   -0.2870370370     0.0000000000     0.2870370370 1
   -0.2777777778     0.0000000000     0.2777777778 1
   -0.2685185185     0.0000000000     0.2685185185 1
   -0.2592592593     0.0000000000     0.2592592593 1
   -0.2500000000     0.0000000000     0.2500000000 1
   -0.2407407407     0.0000000000     0.2407407407 1
   -0.2314814815     0.0000000000     0.2314814815 1
   -0.2222222222     0.0000000000     0.2222222222 1
   -0.2129629630     0.0000000000     0.2129629630 1
   -0.2037037037     0.0000000000     0.2037037037 1
   -0.1944444444     0.0000000000     0.1944444444 1
   -0.1851851852     0.0000000000     0.1851851852 1
   -0.1759259259     0.0000000000     0.1759259259 1
   -0.1666666667     0.0000000000     0.1666666667 1
   -0.1574074074     0.0000000000     0.1574074074 1
   -0.1481481481     0.0000000000     0.1481481481 1
   -0.1388888889     0.0000000000     0.1388888889 1
   -0.1296296296     0.0000000000     0.1296296296 1
   -0.1203703704     0.0000000000     0.1203703704 1
   -0.1111111111     0.0000000000     0.1111111111 1
   -0.1018518519     0.0000000000     0.1018518519 1
   -0.0925925926     0.0000000000     0.0925925926 1
   -0.0833333333     0.0000000000     0.0833333333 1
   -0.0740740741     0.0000000000     0.0740740741 1
   -0.0648148148     0.0000000000     0.0648148148 1
   -0.0555555556     0.0000000000     0.0555555556 1
   -0.0462962963     0.0000000000     0.0462962963 1
   -0.0370370370     0.0000000000     0.0370370370 1
   -0.0277777778     0.0000000000     0.0277777778 1
   -0.0185185185     0.0000000000     0.0185185185 1
   -0.0092592593     0.0000000000     0.0092592593 1
    0.0000000000     0.0000000000     0.0000000000 1
    0.0079365079    -0.0079365079     0.0000000000 1
    0.0158730159    -0.0158730159     0.0000000000 1
    0.0238095238    -0.0238095238     0.0000000000 1
    0.0317460317    -0.0317460317     0.0000000000 1
    0.0396825397    -0.0396825397     0.0000000000 1
    0.0476190476    -0.0476190476     0.0000000000 1
    0.0555555556    -0.0555555556     0.0000000000 1
    0.0634920635    -0.0634920635     0.0000000000 1
    0.0714285714    -0.0714285714     0.0000000000 1
    0.0793650794    -0.0793650794     0.0000000000 1
    0.0873015873    -0.0873015873     0.0000000000 1
    0.0952380952    -0.0952380952     0.0000000000 1
    0.1031746032    -0.1031746032     0.0000000000 1
    0.1111111111    -0.1111111111     0.0000000000 1
    0.1190476190    -0.1190476190     0.0000000000 1
    0.1269841270    -0.1269841270     0.0000000000 1
    0.1349206349    -0.1349206349     0.0000000000 1
    0.1428571429    -0.1428571429     0.0000000000 1
    0.1507936508    -0.1507936508     0.0000000000 1
    0.1587301587    -0.1587301587     0.0000000000 1
    0.1666666667    -0.1666666667     0.0000000000 1
    0.1746031746    -0.1746031746     0.0000000000 1
    0.1825396825    -0.1825396825     0.0000000000 1
    0.1904761905    -0.1904761905     0.0000000000 1
    0.1984126984    -0.1984126984     0.0000000000 1
    0.2063492063    -0.2063492063     0.0000000000 1
    0.2142857143    -0.2142857143     0.0000000000 1
    0.2222222222    -0.2222222222     0.0000000000 1
    0.2301587302    -0.2301587302     0.0000000000 1
    0.2380952381    -0.2380952381     0.0000000000 1
    0.2460317460    -0.2460317460     0.0000000000 1
    0.2539682540    -0.2539682540     0.0000000000 1
    0.2619047619    -0.2619047619     0.0000000000 1
    0.2698412698    -0.2698412698     0.0000000000 1
    0.2777777778    -0.2777777778     0.0000000000 1
    0.2857142857    -0.2857142857     0.0000000000 1
    0.2936507937    -0.2936507937     0.0000000000 1
    0.3015873016    -0.3015873016     0.0000000000 1
    0.3095238095    -0.3095238095     0.0000000000 1
    0.3174603175    -0.3174603175     0.0000000000 1
    0.3253968254    -0.3253968254     0.0000000000 1
    0.3333333333    -0.3333333333     0.0000000000 1
    0.3412698413    -0.3412698413     0.0000000000 1
    0.3492063492    -0.3492063492     0.0000000000 1
    0.3571428571    -0.3571428571     0.0000000000 1
    0.3650793651    -0.3650793651     0.0000000000 1
    0.3730158730    -0.3730158730     0.0000000000 1
    0.3809523810    -0.3809523810     0.0000000000 1
    0.3888888889    -0.3888888889     0.0000000000 1
    0.3968253968    -0.3968253968     0.0000000000 1
    0.4047619048    -0.4047619048     0.0000000000 1
    0.4126984127    -0.4126984127     0.0000000000 1
    0.4206349206    -0.4206349206     0.0000000000 1
    0.4285714286    -0.4285714286     0.0000000000 1
    0.4365079365    -0.4365079365     0.0000000000 1
    0.4444444444    -0.4444444444     0.0000000000 1
    0.4523809524    -0.4523809524     0.0000000000 1
    0.4603174603    -0.4603174603     0.0000000000 1
    0.4682539683    -0.4682539683     0.0000000000 1
    0.4761904762    -0.4761904762     0.0000000000 1
    0.4841269841    -0.4841269841     0.0000000000 1
    0.4920634921    -0.4920634921     0.0000000000 1
    0.5000000000    -0.5000000000     0.0000000000 1

